865.1 1009.88
876.58 857.76
878.01 738.65
839.57 696.88
762.91 662.32
691.36 610.47
779.26 651.76
873.53 681.28
880.88 613.79
824.91 550.65
770.79 495.15
685.16 485.96
588.12 459.73
671.94 472.22
741.68 471.72
710.1 424.36
694.32 356.91
723.02 420.05
757.55 459.74
819.71 504.35
856.49 417.18
891.88 325.11
916.34 243.53
901.66 329.7
889.43 377.96
962.82 320.51
918.27 372.36
882.09 400.94
845.4 529.62
902.89 581.33
931.11 542.04
957.93 490.56
998.56 421.49
1021.52 377
1043.05 328.21
1022.96 389.92
990.95 460.69
975.05 505.49
1023.98 502.05
1130.4 472.17
1028.66 515.42
975.05 527.32
946.9 580.79
923.68 634.18
929.8 745.63
1003.11 687.28
1060.35 631.6
1169.72 551.91
1072.91 641.07
1141.1 622.95
1229 596.07
1136.51 635.33
1060.68 664.05
992.89 731.45
932.55 784.57
928.24 867.81
933.98 1009.88

