1044.92 1021.5
1071.06 850.41
1071.06 766.06
1017.6 678.14
939.18 655.56
896.41 629.42
781.16 636.55
711.06 575.96
782.35 621.11
879.78 613.98
801.36 559.32
904.73 617.54
937.99 573.58
929.68 535.56
945.12 571.21
914.23 624.67
945.12 637.74
1011.66 652
1060.37 681.7
1074.63 621.11
960.57 489.23
877.4 479.72
766.91 458.33
707.5 425.07
770.47 448.83
845.32 457.15
816.81 398.93
751.46 322.89
823.93 388.24
865.52 459.52
929.68 465.46
875.02 416.75
857.2 362.1
856.01 305.07
863.14 357.35
886.9 407.25
966.51 463.09
1008.09 498.73
1037.8 414.37
987.89 372.79
948.69 324.08
933.24 249.23
957 319.33
993.83 359.72
1043.74 398.93
1078.19 313.39
1101.95 229.03
1087.7 318.14
1075.81 368.04
1147.1 308.63
1179.18 237.35
1200.57 172
1186.31 244.47
1158.98 313.39
1107.89 359.72
1068.69 391.8
1042.55 464.28
1033.04 524.87
1088.88 578.33
1106.71 537.94
1142.35 484.47
1194.63 378.73
1225.52 297.94
1236.21 257.54
1229.08 302.69
1201.75 391.8
1174.43 453.58
1158.98 499.92
1206.51 496.35
1270.67 419.13
1292.05 372.79
1311.06 296.75
1302.74 364.47
1282.55 417.94
1364.53 370.41
1274.23 434.57
1254.03 461.9
1229.08 492.79
1309.87 465.46
1415.61 407.25
1322.94 470.22
1267.1 498.73
1158.98 522.49
1131.66 559.32
1109.08 632.99
1115.02 748.23
1181.56 669.82
1219.5 652.5
1271.85 602.1
1330.5 559.5
1374.5 523.5
1425.13 456.7
1390.5 513.5
1473.84 465.02
1381.17 529.18
1283.5 608.5
1254.03 640.12
1337.5 610.5
1456.5 577.5
1315.81 634.18
1250.5 665.5
1332.45 685.26
1485.71 663.88
1351.46 695.96
1295.62 693.58
1229.08 679.32
1176.8 722.1
1124.53 807.64
1116.21 1021.5

